Enter filename: data1.txt
M=4; N=6; Q*=3.2; L=3; R=1;
     W     1     2     3     4     5     6
     1  56.4  78.1  22.7  56.9  76.2  32.8
     2  29.3  67.7  76.2  86.7  45.2  83.5
     3  81.4  52.9  70.3  28.2  90.8  51.3
     4  98.8  97.7    86  20.6  88.5  75.2

     C     1     2     3     4     5     6
     1 192.4  87.1 102.7  98.8 103.9 161.9
     2 121.1 188.3    74 107.4  62.1 100.1
     3 134.8 115.6    53  67.8  50.6  96.9
     4 187.5 133.6 138.7 111.6 142.4  86.5

U=6, VF: 8 10 13 14 15 16

 W_bar       1       2       3       4       5       6
     1   163.8   224.9   233.9   242.5   211.1   192.5
     2   234.8   304.2   323.6   293.2   382.4   212.8
     3   262.4   370.0   313.6   296.6   304.0   300.8
     4   277.9   335.4   274.6   223.3   275.1   215.0

     Q     1     2     3     4     5     6
     1  0.85  2.58  2.28  2.45  2.03  1.19
     2  1.94  1.62  4.37  2.73  6.16  2.13
     3  1.95  3.20  5.92  4.37  6.01  3.10
     4  1.48  2.51  1.98  2.00  1.93  2.49


 E  0  1  2  3  4  5  6  7  8  9 10 11 12 13 14 15 16 17 18 19 20 21 22 23
 0  0  0  1  0  0  0  0  1  1  1  0  0  0  0  1  0  0  0  0  0  0  0  0  0
 1  0  0  0  0  1  0  0  0  0  1  1  1  0  0  0  0  1  0  0  0  0  0  0  0
 2  0  0  0  0  0  0  0  1  0  0  0  0  1  1  1  0  0  0  0  1  0  0  0  0
 3  0  0  0  0  0  0  0  0  1  0  0  0  0  1  1  1  0  0  0  0  1  0  0  0
 4  0  0  0  0  0  0  0  0  0  1  0  0  0  0  1  1  1  0  0  0  0  1  0  0
 5  0  0  0  0  0  0  0  0  0  0  1  0  0  0  0  1  1  1  0  0  0  0  1  0

Iteration   1: select Facility  10, satisfied    382.4 demands for zone 4,9,10,11,16,
Iteration   2: select Facility  13, satisfied    370.0 demands for zone 7,12,13,14,19,
Iteration   3: select Facility  14, satisfied    190.4 demands for zone 8,15,20,
Total satisfied demands:  942.8
