Enter filename: data2.txt
M=8; N=6; Q*=12.2; L=5; R=3;
     W     1     2     3     4     5     6
     1  25.2    25  89.8  78.5  49.2  87.2
     2  24.7  44.3  56.1    73  82.8  28.4
     3  95.6  60.4    49  41.7  55.9  59.9
     4  42.1  35.1  51.8  55.3  31.5  32.5
     5  81.8  83.1  93.9  47.8  78.4  57.8
     6  94.1    33  68.9  28.3  72.1  59.4
     7  67.2  39.4  27.8  61.9  67.3  98.3
     8  32.6  47.6  83.5  63.9  76.1  99.7

     C     1     2     3     4     5     6
     1 161.8 157.5 171.5   114  73.1  75.9
     2 153.3 171.8 106.4 154.3 120.6  56.4
     3  74.3  67.5 118.8 122.3 102.3  66.9
     4 133.5  89.8   148 128.9 128.5   124
     5  79.5  73.1   155 102.7   116  87.6
     6  57.5 170.9   162 130.1 100.6 160.2
     7  56.7  90.7 145.5 164.4 170.1 117.9
     8 185.5  79.3 178.1  58.7  68.9  63.4

U=10, VF: 11 13 17 19 25 27 30 36 45 46

 W_bar       1       2       3       4       5       6
     1   541.7   705.9   838.7   841.4   759.0   637.2
     2   702.1   958.2  1115.7  1092.3   993.5   734.5
     3   810.0  1116.8  1346.2  1319.2  1149.3   842.0
     4   936.6  1154.6  1357.1  1397.8  1151.1   940.8
     5   951.5  1224.9  1374.8  1351.2  1304.7   966.5
     6   870.5  1152.4  1390.6  1415.3  1209.8   939.9
     7   763.0  1009.4  1238.6  1269.8  1062.1   823.5
     8   570.9   779.1   891.1   915.2   864.3   740.0

     Q     1     2     3     4     5     6
     1  3.35  4.48  4.89  7.38 10.38  8.40
     2  4.58  5.58 10.49  7.08  8.24 13.02
     3 10.90 16.55 11.33 10.79 11.23 12.59
     4  7.02 12.86  9.17 10.84  8.96  7.59
     5 11.97 16.76  8.87 13.16 11.25 11.03
     6 15.14  6.74  8.58 10.88 12.03  5.87
     7 13.46 11.13  8.51  7.72  6.24  6.98
     8  3.08  9.82  5.00 15.59 12.54 11.67


     E  0  1  2  3  4  5  6  7  8  9 10 11 12 13 14 15 16 17 18 19 20 21 22 23 24 25 26 27 28 29 30 31 32 33 34 35 36 37 38 39 40 41 42 43 44 45 46 47
     0  0  0  0  1  1  1  0  0  1  1  1  1  0  0  0  1  1  1  0  0  0  0  1  1  0  0  0  0  0  1  0  0  0  0  0  0  0  0  0  0  0  0  0  0  0  0  0  0
     1  1  1  1  0  0  0  1  1  1  1  0  0  1  1  1  1  1  0  1  1  1  1  0  0  1  1  1  0  0  0  0  1  0  0  0  0  0  0  0  0  0  0  0  0  0  0  0  0
     2  0  0  0  0  1  1  0  0  0  1  1  1  0  0  1  1  1  1  0  0  0  1  1  1  0  0  0  0  1  1  0  0  0  0  0  1  0  0  0  0  0  0  0  0  0  0  0  0
     3  0  1  0  0  0  0  1  1  1  0  0  0  1  1  1  1  0  0  1  1  1  1  1  0  1  1  1  1  0  0  1  1  1  0  0  0  0  1  0  0  0  0  0  0  0  0  0  0
     4  0  0  0  0  0  0  0  1  0  0  0  0  1  1  1  0  0  0  1  1  1  1  0  0  1  1  1  1  1  0  1  1  1  1  0  0  1  1  1  0  0  0  0  1  0  0  0  0
     5  0  0  0  0  0  0  0  0  0  1  0  0  0  0  1  1  1  0  0  1  1  1  1  1  1  1  1  1  1  1  0  1  1  1  1  1  0  0  1  1  1  0  0  0  0  1  0  0
     6  0  0  0  0  0  0  0  0  0  0  0  0  1  0  0  0  0  0  1  1  0  0  0  0  1  1  1  0  0  0  1  1  1  1  0  0  1  1  1  0  0  0  1  1  0  0  0  0
     7  0  0  0  0  0  0  0  0  0  0  0  0  0  0  0  0  0  0  1  0  0  0  0  0  1  1  0  0  0  0  1  1  1  0  0  0  1  1  1  1  0  0  1  1  1  0  0  0
     8  0  0  0  0  0  0  0  0  0  0  0  0  0  0  0  0  0  0  0  0  0  0  0  0  0  0  0  1  0  0  0  0  1  1  1  0  0  1  1  1  1  1  1  1  1  1  1  1
     9  0  0  0  0  0  0  0  0  0  0  0  0  0  0  0  0  0  0  0  0  0  0  0  0  0  0  0  0  1  0  0  0  0  1  1  1  0  0  1  1  1  1  0  1  1  1  1  1

Iteration   1: select Facility  27, satisfied   1351.2 demands for zone 9,14,15,16,19,20,21,22,23,24,25,26,27,28,29,31,32,33,34,35,38,39,40,45,
Iteration   2: select Facility  25, satisfied    490.7 demands for zone 7,12,13,18,30,36,37,43,
Iteration   3: select Facility  11, satisfied    442.1 demands for zone 3,4,5,8,10,11,17,
Iteration   4: select Facility  45, satisfied    390.2 demands for zone 41,42,44,46,47,
Iteration   5: select Facility  13, satisfied    164.7 demands for zone 0,1,2,6,
Total satisfied demands: 2838.9
